topology Euclidean
failure_model NullFailureModel

1 43,42
2 4,37
3 44,16
4 6,96
5 64,82
6 95,32
7 94,40
8 0,37
9 33,29
10 98,12
11 52,18
12 37,65
13 14,5
14 52,96
15 81,28
16 74,42
17 58,97
18 55,81
19 51,35
20 86,77
21 25,22
22 18,20
23 89,87
24 65,14
25 38,28
26 18,43
27 72,21
28 58,14
29 84,20
30 21,12
31 87,37
32 87,43
33 63,97
34 23,81
35 85,58
36 81,55
37 51,64
38 83,43
39 66,63
40 62,39
41 7,6
42 17,44
43 21,81
44 15,12
45 78,19
46 92,41
47 39,92
48 58,19
49 45,5
50 69,16
51 49,15
52 99,95
53 21,11
54 62,31
55 52,67
56 21,59
57 87,22
58 15,57
59 22,6
60 26,10
61 28,53
62 53,23
63 40,0
64 40,89
65 57,40
66 8,18
67 3,36
68 38,96
69 85,9
70 27,68
71 39,28
72 7,70
73 1,83
74 68,64
75 27,41
76 79,28
77 80,58
78 53,15
79 45,89
80 66,9
81 14,4
82 60,69
83 75,88
84 41,75
85 18,61
86 82,52
87 67,91
88 63,62
89 91,98
90 32,45
91 48,82
92 96,69
93 77,74
94 74,16
95 38,50
96 29,60
97 64,73
98 96,36
99 80,92
100 10,27
101 11,45
102 29,90
103 62,13
104 82,56
105 74,43
106 41,91
107 26,28
108 64,42
109 19,82
110 67,46
111 13,0
112 5,55
113 85,47
114 3,78
115 1,6
116 34,21
117 53,90
118 41,79
119 17,15
120 50,1
121 46,91
122 30,24
123 81,87
124 16,46
125 27,18
126 8,50
127 92,33
128 79,21
129 55,73
130 28,82
131 70,78
132 79,83
133 47,45
134 62,39
135 18,42
136 17,52
137 85,47
138 64,63
139 96,10
140 95,63
141 79,14
142 18,63
143 49,3
144 16,99
145 59,13
146 63,81
147 12,63
148 83,13
149 22,96
150 8,28
151 16,74
152 30,5
153 14,61
154 33,1
155 82,87
156 48,11
157 57,13
158 6,94
159 69,82
160 39,23
161 63,99
162 99,95
163 0,24
164 20,85
165 82,93
166 15,1
167 49,56
168 7,30
169 58,38
170 36,30
171 77,68
172 14,2
173 60,7
174 73,69
175 8,57
176 41,17
177 19,23
178 16,58
179 65,78
180 71,84
181 41,19
182 65,62
183 97,67
184 72,46
185 59,22
186 31,74
187 34,54
188 47,73
189 28,56
190 39,3
191 2,6
192 11,64
193 49,21
194 47,65
195 11,39
196 59,27
197 4,64
198 72,56
199 3,13
200 18,98
201 85,86
202 89,70
203 32,98
204 20,9
205 38,28
206 34,27
207 66,2
208 2,98
209 52,86
210 85,7
211 94,1
212 93,16
213 34,47
214 44,46
215 17,65
216 44,76
217 1,89
218 0,60
219 78,87
220 73,41
221 4,15
222 10,31
223 41,7
224 96,70
225 89,77
226 53,22
227 6,21
228 70,84
229 56,36
230 3,42
231 8,10
232 15,37
233 34,44
234 84,29
235 39,36
236 41,44
237 50,76
238 15,84
239 34,88
240 21,34
241 98,63
242 18,40
243 22,42
244 2,63
245 55,29
246 85,13
247 99,54
248 97,70
249 96,50
250 58,51
251 58,49
252 22,0
253 97,55
254 95,56
255 11,23
256 67,6
257 84,52
258 77,41
259 42,11
260 83,52
261 10,20
262 90,42
263 71,32
264 17,61
265 0,36
266 13,87
267 1,10
268 32,68
269 4,24
270 50,16
271 78,31
272 50,44
273 31,64
274 77,4
275 11,37
276 90,4
277 21,28
278 23,73
279 89,84
280 90,6
281 41,70
282 36,89
283 96,27
284 88,16
285 41,97
286 16,40
287 11,93
288 72,4
289 0,85
290 15,78
291 30,55
292 26,9
293 71,20
294 74,96
295 98,22
296 81,14
297 69,73
298 46,50
299 89,14
300 93,61
301 10,80
302 15,91
303 81,92
304 35,16
305 50,64
306 61,30
307 33,21
308 89,9
309 82,86
310 97,30
311 42,66
312 28,68
313 11,11
314 81,70
315 1,23
316 41,67
317 89,86
318 21,9
319 26,49
320 52,27
321 30,98
322 76,29
323 71,6
324 92,96
325 6,17
326 25,38
327 47,81
328 2,76
329 13,83
330 90,63
331 3,12
332 18,61
333 40,80
334 90,70
335 18,78
336 4,80
337 9,48
338 45,1
339 58,39
340 99,46
341 11,26
342 84,39
343 34,72
344 29,71
345 8,85
346 82,75
347 87,68
348 38,97
349 31,0
350 12,61
351 73,33
352 97,47
353 77,53
354 97,17
355 14,36
356 23,35
357 98,79
358 42,60
359 95,88
360 47,9
361 9,78
362 77,53
363 60,61
364 62,38
365 16,1
366 31,21
367 62,76
368 73,2
369 68,75
370 55,54
371 81,79
372 35,97
373 17,69
374 60,77
375 96,77
376 23,14
377 43,25
378 18,18
379 28,58
380 57,96
381 43,76
382 77,96
383 63,37
384 12,54
385 72,33
386 65,96
387 36,86
388 31,59
389 18,93
390 75,0
391 43,54
392 9,18
393 84,38
394 79,93
395 11,62
396 40,79
397 13,3
398 74,64
399 13,0
400 88,6
401 63,76
402 57,98
403 67,28
404 13,13
405 88,82
406 85,46
407 77,18
408 61,54
409 47,88
410 36,29
411 36,19
412 55,4
413 61,62
414 59,71
415 99,72
416 22,90
417 8,45
418 81,92
419 53,34
420 33,76
421 35,24
422 70,54
423 33,86
424 86,38
425 77,26
426 41,94
427 76,39
428 46,10
429 98,90
430 69,39
431 52,79
432 85,17
433 7,68
434 81,63
435 14,53
436 43,82
437 54,47
438 11,94
439 25,74
440 64,9
441 96,75
442 50,55
443 58,96
444 51,43
445 71,94
446 50,83
447 86,56
448 96,7
449 3,52
450 40,58
451 49,90
452 16,57
453 39,96
454 45,12
455 99,92
456 89,54
457 41,21
458 52,21
459 13,36
460 99,37
461 85,6
462 28,3
463 23,53
464 74,35
465 20,1
466 63,71
467 56,10
468 63,32
469 79,62
470 20,69
471 5,86
472 89,89
473 70,83
474 66,88
475 6,64
476 32,68
477 37,99
478 3,78
479 78,34
480 89,50
481 86,32
482 35,60
483 36,14
484 29,41
485 97,9
486 85,22
487 42,0
488 68,34
489 55,82
490 26,34
491 1,44
492 15,11
493 22,43
494 6,45
495 31,5
496 55,25
497 71,22
498 13,35
499 78,75
500 85,51
501 76,57
502 80,93
503 26,84
504 21,38
505 36,80
506 35,20
507 5,69
508 90,52
509 45,23
510 75,77
511 45,18
512 26,63
513 11,50
514 92,85
515 34,62
516 95,78
517 27,62
518 63,79
519 24,9
520 72,97
521 71,33
522 17,49
523 55,54
524 2,24
525 2,88
526 3,34
527 80,17
528 48,42
529 57,70
530 11,76
531 64,3
532 79,38
533 46,44
534 33,60
535 9,49
536 90,21
537 47,2
538 25,19
539 73,91
540 79,86
541 74,81
542 94,34
543 60,54
544 93,22
545 94,75
546 26,80
547 82,56
548 53,84
549 6,20
550 93,35
551 93,56
552 25,1
553 81,79
554 58,37
555 70,30
556 80,25
557 90,82
558 96,83
559 21,46
560 60,77
561 1,96
562 26,78
563 66,7
564 68,75
565 45,85
566 5,64
567 69,1
568 17,18
569 81,79
570 26,33
571 19,28
572 97,11
573 94,39
574 47,21
575 21,10
576 63,98
577 73,99
578 20,4
579 68,78
580 19,31
581 91,93
582 94,37
583 34,19
584 34,57
585 9,38
586 26,32
587 76,13
588 28,62
589 89,13
590 88,45
591 34,29
592 71,23
593 80,2
594 60,52
595 96,67
596 59,26
597 75,90
598 37,48
599 26,8
600 78,56
601 91,83
602 71,21
603 71,18
604 96,72
605 85,11
606 99,31
607 92,99
608 48,32
609 99,1
610 37,21
611 87,90
612 79,58
613 81,46
614 96,93
615 37,38
616 17,69
617 34,5
618 24,77
619 37,42
620 53,47
621 20,31
622 93,35
623 30,12
624 41,72
625 71,13
626 17,37
627 53,63
628 96,62
629 95,39
630 49,78
631 41,19
632 96,57
633 90,4
634 88,0
635 26,68
636 15,0
637 88,91
638 35,7
639 66,16
640 68,49
641 43,24
642 47,2
643 24,79
644 3,4
645 84,35
646 56,54
647 98,65
648 61,96
649 28,40
650 99,88
651 54,11
652 90,54
653 36,85
654 31,68
655 84,6
656 51,40
657 27,65
658 98,22
659 60,29
660 34,8
661 67,26
662 23,46
663 77,27
664 65,16
665 53,49
666 76,29
667 29,25
668 37,12
669 73,4
670 22,6
671 62,4
672 54,87
673 40,80
674 86,64
675 60,23
676 83,71
677 29,61
678 8,31
679 44,30
680 99,45
681 30,75
682 78,41
683 14,40
684 17,29
685 48,93
686 64,33
687 89,62
688 63,5
689 75,30
690 20,91
691 40,40
692 42,14
693 19,32
694 15,92
695 82,55
696 86,2
697 54,63
698 7,11
699 71,58
700 74,47
701 35,81
702 4,71
703 39,50
704 70,60
705 44,85
706 36,28
707 7,91
708 97,12
709 91,58
710 36,31
711 74,46
712 16,81
713 33,60
714 31,96
715 44,77
716 7,39
717 91,28
718 46,84
719 31,78
720 5,82
721 46,54
722 57,98
723 7,13
724 31,61
725 33,20
726 84,55
727 6,61
728 36,87
729 13,85
730 48,19
731 16,77
732 74,16
733 20,64
734 15,45
735 39,96
736 63,35
737 21,7
738 35,2
739 65,61
740 1,36
741 39,99
742 69,19
743 44,31
744 81,68
745 10,13
746 62,28
747 8,28
748 91,36
749 8,34
750 3,58
751 98,27
752 84,19
753 19,26
754 17,61
755 92,46
756 7,75
757 64,58
758 61,49
759 30,80
760 65,95
761 87,14
762 14,50
763 54,68
764 55,83
765 67,34
766 23,99
767 53,84
768 34,43
769 57,54
770 5,96
771 1,63
772 43,52
773 22,31
774 6,8
775 51,50
776 3,35
777 49,16
778 16,2
779 16,1
780 63,47
781 52,65
782 37,23
783 7,12
784 24,15
785 97,72
786 28,85
787 78,68
788 44,84
789 77,61
790 24,61
791 28,79
792 7,80
793 69,17
794 42,6
795 76,57
796 63,70
797 81,62
798 95,88
799 14,21
800 42,11
801 0,74
802 11,48
803 61,47
804 2,24
805 66,34
806 61,69
807 70,93
808 4,62
809 30,24
810 22,57
811 66,85
812 93,98
813 30,53
814 52,42
815 61,43
816 23,64
817 10,72
818 62,10
819 80,27
820 91,86
821 17,69
822 17,81
823 56,46
824 28,26
825 19,46
826 94,94
827 76,99
828 56,90
829 32,87
830 87,32
831 11,72
832 23,22
833 16,91
834 43,92
835 2,85
836 52,59
837 4,4
838 37,68
839 90,73
840 34,95
841 12,2
842 55,24
843 3,55
844 78,48
845 53,94
846 9,71
847 25,42
848 42,32
849 36,4
850 76,82
851 36,95
852 94,50
853 93,36
854 77,44
855 61,97
856 92,78
857 25,91
858 79,53
859 76,91
860 10,94
861 71,16
862 62,26
863 37,75
864 42,95
865 82,55
866 21,35
867 46,81
868 51,19
869 28,60
870 24,32
871 96,45
872 95,86
873 55,82
874 23,67
875 14,91
876 9,64
877 27,66
878 8,74
879 31,74
880 18,44
881 51,13
882 87,49
883 24,99
884 53,40
885 0,56
886 0,15
887 14,14
888 52,87
889 80,55
890 5,14
891 77,10
892 57,59
893 84,57
894 28,66
895 50,84
896 65,94
897 93,25
898 27,72
899 66,24
900 58,55
901 67,81
902 18,35
903 63,56
904 97,58
905 61,60
906 78,48
907 36,31
908 70,8
909 59,67
910 85,69
911 11,97
912 97,11
913 5,99
914 58,85
915 13,78
916 96,60
917 53,7
918 22,79
919 73,4
920 71,92
921 89,49
922 58,70
923 38,77
924 38,88
925 58,67
926 9,11
927 65,32
928 61,62
929 4,77
930 64,18
931 93,52
932 72,71
933 92,63
934 73,8
935 79,19
936 38,92
937 44,99
938 60,21
939 97,52
940 56,57
941 89,82
942 47,99
943 47,45
944 0,73
945 24,44
946 26,36
947 28,69
948 83,32
949 57,24
950 30,75
951 70,84
952 62,20
953 98,22
954 94,85
955 74,45
956 89,42
957 77,28
958 33,58
959 77,28
960 20,77
961 91,30
962 35,67
963 46,49
964 94,5
965 39,4
966 68,82
967 97,8
968 14,41
969 25,68
970 55,40
971 83,62
972 22,43
973 54,70
974 21,22
975 53,30
976 2,68
977 29,46
978 37,93
979 48,9
980 30,92
981 97,93
982 97,39
983 18,91
984 56,13
985 55,7
986 75,18
987 86,13
988 49,91
989 50,56
990 46,54
991 95,69
992 10,37
993 35,6
994 52,80
995 92,65
996 19,46
997 67,8
998 10,46
999 1,84
1000 41,73
1001 46,7
1002 82,10
1003 21,34
1004 50,22
1005 68,81
1006 36,29
1007 77,69
1008 53,28
1009 89,92
1010 25,86
1011 25,70
1012 63,15
1013 48,74
1014 42,84
1015 51,19
1016 95,78
1017 86,94
1018 10,82
1019 8,64
1020 95,1
1021 51,22
1022 58,25
1023 14,83
1024 44,66
